980
Round  1
0.002525808304728631 0.507
0.00016873991820109098 0.511
2.1999000697647764e-05 0.489
0.0003442848307509665 0.506
0.006182924304972967 0.501
0.024960355463185972 0.461
0.00028361442686928234 0.515
2.498568751856133e-05 0.499
0.007991511542072042 0.486
0.00010523831842009227 0.498
Round  2
0.0001299046445214276 0.521
0.001465794466942045 0.506
0.0013962136477017656 0.494
0.0012399527220094356 0.507
0.0014675291520727873 0.505
4.072015334524571e-05 0.478
7.424514215787787e-05 0.503
0.0012185235096259692 0.503
8.903915363544978e-05 0.496
0.00012579175632330213 0.496
Round  3
4.1110097585376924e-05 0.497
4.65675482014195e-05 0.498
5.8061948509167895e-05 0.493
5.0953250926975316e-05 0.502
4.1883200298821696e-05 0.505
4.4971990204257884e-05 0.509
0.0002782297703830085 0.505
6.923458608991572e-05 0.502
0.00034707932881682124 0.493
0.00021225036749566585 0.513
best lamda:  0.0001299046445214276
# parameters:  154160
Test1 batch_size=100, eta=0.01, n_epocs=8, lam=0.0001299046445214276, shuffle=True
0.5833673469387755 1.209061854286718
0.516 1.4160958797959573
0.5133 1.4056602044666366
