980
Round  1
0.0001507078315647505 0.47
0.0012745528672165427 0.483
0.0011246436133815671 0.483
1.563225627938463e-05 0.466
0.000354608652645233 0.47
5.06111396161236e-05 0.481
0.004266845439770899 0.479
0.05894005394210373 0.404
0.00026220981537251626 0.483
0.0017051549968220745 0.487
0.0011032631727769771 0.468
8.95699907588428e-05 0.486
0.0011098060260143826 0.463
0.0024329523616797117 0.471
8.960897762773774e-05 0.463
0.020469589939982727 0.465
4.5654368639706285e-05 0.46
1.363298211983448e-05 0.465
0.08821922750788096 0.39
1.693335428838072e-05 0.47
Round  2
0.002033922325592309 0.468
0.006942648935299687 0.467
0.00023172191853793056 0.476
0.007560271511339019 0.46
0.008983486141400862 0.474
0.00027847199159317364 0.476
0.0027757305395276566 0.482
0.010890269363519556 0.471
0.0012861887015819377 0.463
0.002576997647196919 0.476
0.005938668638847645 0.482
0.0003759220206705903 0.481
0.0013761568652751724 0.473
0.002239609309366564 0.465
0.008964225288575387 0.476
0.0005584200963547949 0.461
0.0003322592392810368 0.459
0.000249256395939977 0.461
0.00023576249542888914 0.474
0.015417853241020707 0.469
best lamda:  0.0017051549968220745
# parameters:  154160
Test1 batch_size=100, eta=0.01, n_epocs=20, lam=0.0017051549968220745, shuffle=True
0.6105510204081632 1.2398085475624165
0.504 1.531838190372602
0.5207 1.4789211162393496
