980
Round  1 -5 -1
1.7335686319598164e-05 0.51
0.0002595584131535995 0.512
7.3564465301627e-05 0.513
0.004663851023401761 0.505
0.0007112967216013602 0.514
8.076652123367904e-05 0.524
5.48814234709931e-05 0.506
0.0018671792671636361 0.506
4.0766140432240187e-05 0.505
3.735736781304588e-05 0.51
0.04289285297331557 0.471
3.303498391728516e-05 0.512
0.03377110878104287 0.482
0.01592398538208825 0.484
0.001414363921603654 0.505
0.07917920173054524 0.433
0.028136828307736776 0.497
0.0004904970040366107 0.525
0.0005871197580511916 0.493
0.0012086354840549441 0.499
Round  2 -4.309363640953435 -2.3093636409534346
0.0001023346495746974 0.505
0.0011970699268730907 0.507
5.1286844853293936e-05 0.523
0.00014244275031093041 0.512
0.0008675636548435457 0.516
0.004652425047245067 0.512
0.00034588169870330163 0.513
0.00031068068946839923 0.516
9.52467593483806e-05 0.513
0.00012637792432020254 0.508
0.0013055593854736467 0.505
0.001667091603602194 0.506
0.0012097795415893537 0.514
0.00019209286132793206 0.509
0.00013868893426681174 0.503
0.0004701782265480435 0.519
7.105173301108485e-05 0.493
0.0005327384724583921 0.505
0.0002692668137752606 0.499
8.59264560142905e-05 0.52
Round  3 -3.8093636409534346 -2.8093636409534346
0.0004118661791609383 0.508
0.0011910212728489017 0.515
0.0007351696601597846 0.501
0.0004442775089053918 0.512
0.00032142135410842125 0.519
0.0003723946362542203 0.507
0.0012247320851416586 0.511
0.0007591778101399519 0.507
0.0009360440090621585 0.521
0.0004918885134573712 0.507
0.00030791986597927676 0.506
0.00015924581471470629 0.495
0.001538013043018456 0.501
0.0004958049813007421 0.499
0.0008219007975016498 0.502
0.0003939072065033453 0.516
0.0006437587210718112 0.505
0.0003219841772382579 0.515
0.0005910770410992385 0.506
0.0002247143170219746 0.511
Round  4 -3.5593636409534346 -3.0593636409534346
0.0005412397258390635 0.504
0.00043994715577855986 0.5
0.0006332585070601868 0.488
0.0007024620958100277 0.519
0.00038415240298680085 0.512
0.0004214549336916742 0.496
0.0002786601202832425 0.515
0.00045663241817917537 0.513
0.00038236689298863435 0.504
0.0006619627320804515 0.503
0.0008221860964664494 0.507
0.000785240883049609 0.514
0.00029976562445936964 0.507
0.0005194822840457565 0.512
0.0007539204793200437 0.502
0.000783266009057151 0.508
0.0003281520095191402 0.511
0.000659197158550207 0.513
0.0002869723121509998 0.507
0.0005995072892314794 0.523
Round  5 -3.4343636409534346 -3.1843636409534346
0.0004343517291044518 0.492
0.0005338765425628647 0.51
0.0005162499311243434 0.512
0.00038782284175927655 0.506
0.0005679575597366098 0.508
0.0004448008646592837 0.495
0.0005971357424204841 0.499
0.0004766183254659901 0.52
0.0005444753814523715 0.517
0.000646549153509242 0.512
0.0006352289786454633 0.504
0.0005424989046437662 0.498
0.0006451480568339169 0.512
0.000588508943719837 0.501
0.0004511538093894173 0.518
0.0005930297576001263 0.504
0.00045186885969835115 0.503
0.0006404725843305877 0.504
0.00041845880212458477 0.507
0.0006348388635626799 0.514
best lamda:  0.0004904970040366107
# parameters:  154160
Test1 batch_size=100, eta=0.01, n_epocs=20, lam=0.0004904970040366107, shuffle=True
0.6291224489795918 1.1304070061479023
0.538 1.3794326868952655
0.5222 1.448818120570681
